,index,target
0,4 (8),0
1,5 (100),0
2,5 (101),0
3,5 (120),0
4,5 (121),0
5,5 (41),0
6,5 (42),0
7,5 (43),0
8,5 (44),0
9,5 (53),0
10,5 (64),0
11,5 (65),0
12,5 (66),0
13,5 (67),0
14,5 (68),0
15,5 (69),0
16,5 (83),0
17,5 (84),0
18,5 (85),0
19,5 (99),0
20,6 (1),0
21,6 (105),0
22,6 (106),0
23,6 (107),0
24,6 (108),0
25,6 (109),0
26,6 (110),0
27,6 (111),0
28,6 (2),0
29,6 (22),0
30,6 (23),0
31,6 (24),0
32,6 (3),0
33,6 (42),0
34,6 (43),0
35,6 (44),0
36,6 (45),0
37,6 (46),0
38,6 (47),0
39,6 (48),0
40,6 (65),0
41,6 (66),0
42,6 (67),0
43,6 (68),0
44,6 (69),0
45,6 (70),0
46,6 (71),0
47,6 (73),0
48,6 (72),0
49,6 (74),0
50,6 (84),0
51,6 (85),0
52,6 (86),0
53,6 (87),0
54,6 (88),0
55,6 (89),0
56,6 (90),0
57,6 (91),0
58,6 (92),0
59,6 (93),0
60,7 (166),0
61,7 (167),0
62,9 (1),0
63,9 (27),0
64,9 (28),0
65,9 (29),0
66,9 (30),0
67,9 (31),0
68,9 (32),0
69,9 (33),0
70,9 (34),0
71,9 (48),0
72,9 (49),0
73,9 (50),0
74,9 (51),0
75,9 (52),0
76,9 (53),0
77,9 (54),0
78,9 (55),0
79,9 (56),0
80,9 (57),0
81,9 (58),0
82,9 (59),0
83,9 (60),0
84,9 (61),0
85,9 (62),0
86,9 (63),0
87,9 (64),0
88,11 (43),0
89,11 (44),0
90,11 (58),0
91,12 (23),0
92,12 (3),0
93,12 (4),0
94,12 (41),0
95,12 (42),0
96,12 (48),0
97,12 (49),0
98,12 (51),0
99,12 (50),0
100,12 (52),0
101,3 (12),0
102,3 (13),0
103,3 (14),0
104,3 (15),0
105,3 (16),0
106,3 (17),0
107,3 (18),0
108,3 (20),0
109,3 (21),0
110,3 (22),0
111,3 (23),0
112,3 (19),0
113,3 (35),0
114,3 (36),0
115,3 (37),0
116,3 (38),0
117,3 (39),0
118,3 (40),0
119,3 (41),0
120,3 (42),0
121,4 (21),0
122,4 (22),0
123,4 (23),0
124,4 (24),0
125,4 (25),0
126,4 (26),0
127,4 (27),0
128,4 (28),0
129,4 (29),0
130,4 (44),0
131,4 (45),0
132,4 (46),0
133,4 (47),0
134,4 (6),0
135,4 (59),0
136,4 (60),0
137,4 (61),0
138,4 (7),0
139,8 (1),0
140,4 (79),1
141,4 (80),1
142,4 (81),1
143,4 (82),1
144,4 (83),1
145,4 (84),1
146,4 (86),1
147,4 (87),1
148,4 (88),1
149,4 (89),1
150,4 (9),1
151,4 (90),1
152,4 (91),1
153,4 (92),1
154,4 (93),1
155,4 (94),1
156,4 (95),1
157,4 (96),1
158,4 (97),1
159,4 (85),1
160,4 (98),1
161,4 (99),1
162,5 (1),1
163,5 (10),1
164,5 (102),1
165,5 (103),1
166,5 (104),1
167,5 (105),1
168,5 (106),1
169,5 (107),1
170,5 (108),1
171,5 (109),1
172,5 (11),1
173,5 (110),1
174,5 (111),1
175,5 (112),1
176,5 (113),1
177,5 (114),1
178,5 (115),1
179,5 (116),1
180,5 (117),1
181,5 (118),1
182,5 (119),1
183,5 (12),1
184,5 (122),1
185,5 (123),1
186,5 (124),1
187,5 (125),1
188,5 (126),1
189,5 (127),1
190,5 (128),1
191,5 (129),1
192,5 (13),1
193,5 (130),1
194,5 (131),1
195,5 (132),1
196,5 (133),1
197,5 (134),1
198,5 (135),1
199,5 (136),1
200,5 (138),1
201,5 (137),1
202,5 (139),1
203,5 (14),1
204,5 (140),1
205,5 (141),1
206,5 (142),1
207,5 (143),1
208,5 (144),1
209,5 (145),1
210,5 (146),1
211,5 (147),1
212,5 (148),1
213,5 (149),1
214,5 (15),1
215,5 (150),1
216,5 (151),1
217,5 (152),1
218,5 (153),1
219,5 (154),1
220,5 (155),1
221,5 (156),1
222,5 (157),1
223,5 (158),1
224,5 (159),1
225,5 (16),1
226,5 (161),1
227,5 (162),1
228,5 (163),1
229,5 (164),1
230,5 (165),1
231,5 (166),1
232,5 (167),1
233,5 (168),1
234,5 (169),1
235,5 (17),1
236,5 (160),1
237,5 (170),1
238,5 (171),1
239,5 (172),1
240,5 (173),1
241,5 (174),1
242,5 (175),1
243,5 (176),1
244,5 (177),1
245,5 (178),1
246,5 (179),1
247,5 (18),1
248,5 (180),1
249,5 (181),1
250,5 (182),1
251,5 (183),1
252,5 (184),1
253,5 (185),1
254,5 (186),1
255,5 (187),1
256,5 (188),1
257,5 (189),1
258,5 (19),1
259,5 (190),1
260,5 (191),1
261,5 (192),1
262,5 (193),1
263,5 (194),1
264,5 (195),1
265,5 (196),1
266,5 (197),1
267,5 (198),1
268,5 (199),1
269,5 (2),1
270,5 (20),1
271,5 (200),1
272,5 (201),1
273,5 (202),1
274,5 (203),1
275,5 (204),1
276,5 (205),1
277,5 (206),1
278,5 (207),1
279,5 (208),1
280,5 (209),1
281,5 (21),1
282,5 (210),1
283,5 (211),1
284,5 (212),1
285,5 (213),1
286,5 (214),1
287,5 (215),1
288,5 (216),1
289,5 (217),1
290,5 (218),1
291,5 (219),1
292,5 (22),1
293,5 (220),1
294,5 (221),1
295,5 (222),1
296,5 (223),1
297,5 (224),1
298,5 (23),1
299,5 (24),1
300,5 (25),1
301,5 (26),1
302,5 (27),1
303,5 (28),1
304,5 (29),1
305,5 (3),1
306,5 (30),1
307,5 (31),1
308,5 (32),1
309,5 (33),1
310,5 (34),1
311,5 (35),1
312,5 (36),1
313,5 (37),1
314,5 (38),1
315,5 (39),1
316,5 (4),1
317,5 (40),1
318,5 (45),1
319,5 (46),1
320,5 (47),1
321,5 (48),1
322,5 (49),1
323,5 (5),1
324,5 (50),1
325,5 (51),1
326,5 (52),1
327,5 (54),1
328,5 (55),1
329,5 (56),1
330,5 (57),1
331,5 (58),1
332,5 (59),1
333,5 (6),1
334,5 (60),1
335,5 (62),1
336,5 (61),1
337,5 (63),1
338,5 (7),1
339,5 (70),1
340,5 (71),1
341,5 (72),1
342,5 (73),1
343,5 (74),1
344,5 (75),1
345,5 (76),1
346,5 (77),1
347,5 (78),1
348,5 (8),1
349,5 (79),1
350,5 (80),1
351,5 (81),1
352,5 (82),1
353,5 (86),1
354,5 (87),1
355,5 (88),1
356,5 (89),1
357,5 (90),1
358,5 (9),1
359,5 (91),1
360,5 (92),1
361,5 (93),1
362,5 (94),1
363,5 (95),1
364,5 (96),1
365,5 (97),1
366,5 (98),1
367,6 (10),1
368,6 (100),1
369,6 (101),1
370,6 (102),1
371,6 (103),1
372,6 (104),1
373,6 (11),1
374,6 (12),1
375,6 (13),1
376,6 (14),1
377,6 (15),1
378,6 (16),1
379,6 (17),1
380,6 (18),1
381,6 (19),1
382,6 (20),1
383,6 (21),1
384,6 (25),1
385,6 (26),1
386,6 (27),1
387,6 (28),1
388,6 (29),1
389,6 (30),1
390,6 (31),1
391,6 (32),1
392,6 (33),1
393,6 (34),1
394,6 (35),1
395,6 (36),1
396,6 (37),1
397,6 (38),1
398,6 (39),1
399,6 (4),1
400,6 (40),1
401,6 (41),1
402,6 (49),1
403,6 (5),1
404,6 (50),1
405,6 (51),1
406,6 (52),1
407,6 (53),1
408,6 (54),1
409,6 (55),1
410,6 (56),1
411,6 (57),1
412,6 (58),1
413,6 (59),1
414,6 (6),1
415,6 (60),1
416,6 (61),1
417,6 (62),1
418,6 (63),1
419,6 (64),1
420,6 (7),1
421,6 (75),1
422,6 (76),1
423,6 (77),1
424,6 (78),1
425,6 (79),1
426,6 (8),1
427,6 (80),1
428,6 (81),1
429,6 (82),1
430,6 (83),1
431,6 (9),1
432,6 (94),1
433,6 (95),1
434,6 (96),1
435,6 (98),1
436,6 (97),1
437,6 (99),1
438,7 (1),1
439,7 (10),1
440,7 (100),1
441,7 (101),1
442,7 (102),1
443,7 (103),1
444,7 (104),1
445,7 (105),1
446,7 (106),1
447,7 (107),1
448,7 (108),1
449,7 (109),1
450,7 (11),1
451,7 (110),1
452,7 (111),1
453,7 (112),1
454,7 (113),1
455,7 (114),1
456,7 (115),1
457,7 (116),1
458,7 (117),1
459,7 (118),1
460,7 (119),1
461,7 (12),1
462,7 (120),1
463,7 (121),1
464,7 (122),1
465,7 (123),1
466,7 (124),1
467,7 (125),1
468,7 (126),1
469,7 (127),1
470,7 (128),1
471,7 (129),1
472,7 (13),1
473,7 (130),1
474,7 (131),1
475,7 (132),1
476,7 (133),1
477,7 (134),1
478,7 (135),1
479,7 (136),1
480,7 (137),1
481,7 (138),1
482,7 (139),1
483,7 (14),1
484,7 (140),1
485,7 (141),1
486,7 (142),1
487,7 (143),1
488,7 (144),1
489,7 (145),1
490,7 (146),1
491,7 (147),1
492,7 (148),1
493,7 (149),1
494,7 (15),1
495,7 (150),1
496,7 (151),1
497,7 (152),1
498,7 (153),1
499,7 (154),1
500,7 (155),1
501,7 (156),1
502,7 (157),1
503,7 (158),1
504,7 (159),1
505,7 (16),1
506,7 (160),1
507,7 (161),1
508,7 (162),1
509,7 (163),1
510,7 (164),1
511,7 (165),1
512,7 (168),1
513,7 (169),1
514,7 (17),1
515,7 (170),1
516,7 (171),1
517,7 (172),1
518,7 (173),1
519,7 (174),1
520,7 (175),1
521,7 (176),1
522,7 (177),1
523,7 (178),1
524,7 (179),1
525,7 (18),1
526,7 (180),1
527,7 (182),1
528,7 (181),1
529,7 (183),1
530,7 (184),1
531,7 (185),1
532,7 (186),1
533,7 (187),1
534,7 (188),1
535,7 (189),1
536,7 (19),1
537,7 (190),1
538,7 (191),1
539,7 (192),1
540,7 (193),1
541,7 (194),1
542,7 (195),1
543,7 (196),1
544,7 (197),1
545,7 (198),1
546,7 (199),1
547,7 (2),1
548,7 (20),1
549,7 (200),1
550,7 (201),1
551,7 (202),1
552,7 (203),1
553,7 (204),1
554,7 (205),1
555,7 (206),1
556,7 (207),1
557,7 (208),1
558,7 (209),1
559,7 (210),1
560,7 (21),1
561,7 (211),1
562,7 (212),1
563,7 (213),1
564,7 (214),1
565,7 (215),1
566,7 (216),1
567,7 (217),1
568,7 (218),1
569,7 (219),1
570,7 (22),1
571,7 (220),1
572,7 (221),1
573,7 (222),1
574,7 (223),1
575,7 (224),1
576,7 (225),1
577,7 (226),1
578,8 (31),1
579,8 (32),1
580,8 (33),1
581,8 (34),1
582,8 (35),1
583,8 (36),1
584,8 (37),1
585,8 (38),1
586,8 (39),1
587,8 (4),1
588,8 (40),1
589,8 (41),1
590,8 (42),1
591,8 (43),1
592,8 (44),1
593,8 (45),1
594,8 (46),1
595,8 (47),1
596,8 (48),1
597,8 (49),1
598,8 (5),1
599,8 (50),1
600,8 (51),1
601,8 (52),1
602,8 (53),1
603,8 (54),1
604,8 (55),1
605,8 (56),1
606,8 (57),1
607,8 (58),1
608,8 (59),1
609,8 (6),1
610,8 (60),1
611,8 (61),1
612,8 (62),1
613,8 (63),1
614,8 (64),1
615,8 (65),1
616,8 (66),1
617,8 (67),1
618,8 (68),1
619,8 (69),1
620,8 (7),1
621,8 (70),1
622,8 (71),1
623,8 (72),1
624,8 (73),1
625,8 (74),1
626,8 (75),1
627,8 (76),1
628,8 (77),1
629,8 (78),1
630,8 (79),1
631,8 (8),1
632,8 (80),1
633,8 (81),1
634,8 (82),1
635,8 (83),1
636,8 (84),1
637,8 (85),1
638,8 (86),1
639,8 (87),1
640,8 (88),1
641,8 (89),1
642,8 (9),1
643,8 (90),1
644,8 (91),1
645,8 (92),1
646,8 (93),1
647,8 (94),1
648,8 (95),1
649,8 (96),1
650,8 (97),1
651,8 (98),1
652,8 (99),1
653,9 (10),1
654,9 (11),1
655,9 (12),1
656,9 (13),1
657,9 (14),1
658,9 (15),1
659,9 (16),1
660,9 (17),1
661,9 (18),1
662,9 (19),1
663,9 (2),1
664,9 (20),1
665,9 (21),1
666,9 (22),1
667,9 (23),1
668,9 (24),1
669,9 (25),1
670,9 (26),1
671,9 (3),1
672,9 (35),1
673,9 (36),1
674,9 (37),1
675,9 (38),1
676,9 (39),1
677,9 (4),1
678,9 (40),1
679,9 (41),1
680,9 (42),1
681,9 (43),1
682,9 (44),1
683,9 (45),1
684,9 (46),1
685,9 (47),1
686,9 (5),1
687,9 (6),1
688,9 (65),1
689,9 (66),1
690,9 (67),1
691,9 (68),1
692,9 (69),1
693,9 (7),1
694,9 (70),1
695,9 (71),1
696,9 (72),1
697,9 (73),1
698,9 (8),1
699,9 (9),1
700,classes,1
701,1 (1),1
702,1 (10),1
703,1 (11),1
704,1 (12),1
705,1 (13),1
706,1 (2),1
707,1 (3),1
708,1 (4),1
709,1 (5),1
710,1 (6),1
711,1 (7),1
712,1 (8),1
713,1 (9),1
714,11 (1),1
715,11 (10),1
716,11 (11),1
717,11 (12),1
718,11 (13),1
719,11 (15),1
720,11 (14),1
721,11 (16),1
722,11 (17),1
723,11 (18),1
724,11 (19),1
725,11 (2),1
726,11 (20),1
727,11 (21),1
728,11 (22),1
729,11 (23),1
730,11 (25),1
731,11 (24),1
732,11 (26),1
733,11 (27),1
734,11 (28),1
735,11 (29),1
736,11 (30),1
737,11 (3),1
738,11 (31),1
739,11 (32),1
740,11 (33),1
741,11 (34),1
742,11 (35),1
743,11 (36),1
744,11 (37),1
745,11 (38),1
746,11 (39),1
747,11 (40),1
748,11 (41),1
749,11 (42),1
750,11 (4),1
751,11 (45),1
752,11 (46),1
753,11 (47),1
754,11 (48),1
755,11 (49),1
756,11 (5),1
757,11 (50),1
758,11 (51),1
759,11 (52),1
760,11 (53),1
761,11 (54),1
762,11 (55),1
763,11 (56),1
764,11 (57),1
765,11 (59),1
766,11 (6),1
767,11 (60),1
768,11 (61),1
769,11 (63),1
770,11 (62),1
771,11 (64),1
772,11 (65),1
773,11 (66),1
774,11 (67),1
775,11 (68),1
776,11 (69),1
777,11 (7),1
778,11 (70),1
779,11 (71),1
780,11 (72),1
781,11 (73),1
782,11 (75),1
783,11 (74),1
784,11 (76),1
785,11 (78),1
786,11 (79),1
787,11 (8),1
788,11 (80),1
789,11 (81),1
790,11 (82),1
791,11 (83),1
792,11 (9),1
793,12 (1),1
794,12 (10),1
795,12 (11),1
796,12 (12),1
797,12 (13),1
798,12 (14),1
799,12 (15),1
800,12 (16),1
801,12 (17),1
802,12 (18),1
803,12 (19),1
804,12 (20),1
805,12 (2),1
806,12 (21),1
807,12 (22),1
808,12 (24),1
809,12 (25),1
810,12 (26),1
811,12 (27),1
812,12 (28),1
813,12 (29),1
814,12 (30),1
815,12 (31),1
816,12 (32),1
817,12 (36),1
818,12 (37),1
819,12 (38),1
820,12 (43),1
821,12 (5),1
822,12 (55),1
823,12 (56),1
824,12 (57),1
825,12 (58),1
826,12 (59),1
827,12 (6),1
828,12 (60),1
829,12 (68),1
830,12 (69),1
831,12 (7),1
832,12 (70),1
833,12 (71),1
834,12 (73),1
835,12 (74),1
836,12 (77),1
837,12 (78),1
838,12 (67),1
839,12 (79),1
840,12 (8),1
841,12 (80),1
842,12 (81),1
843,12 (72),1
844,12 (82),1
845,12 (9),1
846,2 (1),1
847,2 (10),1
848,2 (11),1
849,2 (12),1
850,2 (13),1
851,2 (3),1
852,2 (2),1
853,2 (4),1
854,2 (5),1
855,2 (6),1
856,2 (7),1
857,2 (8),1
858,2 (9),1
859,3 (1),1
860,3 (10),1
861,3 (11),1
862,3 (2),1
863,3 (24),1
864,3 (25),1
865,3 (26),1
866,3 (27),1
867,3 (28),1
868,3 (29),1
869,3 (3),1
870,3 (30),1
871,3 (31),1
872,3 (32),1
873,3 (33),1
874,3 (34),1
875,3 (4),1
876,3 (43),1
877,3 (44),1
878,3 (45),1
879,3 (46),1
880,3 (47),1
881,3 (48),1
882,3 (49),1
883,3 (5),1
884,3 (50),1
885,3 (51),1
886,3 (6),1
887,3 (7),1
888,3 (8),1
889,3 (9),1
890,4 (1),1
891,4 (10),1
892,4 (100),1
893,4 (101),1
894,4 (102),1
895,4 (103),1
896,4 (104),1
897,4 (105),1
898,4 (106),1
899,4 (107),1
900,4 (108),1
901,4 (109),1
902,4 (11),1
903,4 (110),1
904,4 (111),1
905,4 (112),1
906,4 (113),1
907,4 (114),1
908,4 (115),1
909,4 (116),1
910,4 (117),1
911,4 (118),1
912,4 (119),1
913,4 (120),1
914,4 (12),1
915,4 (121),1
916,4 (122),1
917,4 (123),1
918,4 (124),1
919,4 (125),1
920,4 (126),1
921,4 (127),1
922,4 (128),1
923,4 (129),1
924,4 (13),1
925,4 (130),1
926,4 (131),1
927,4 (132),1
928,4 (133),1
929,4 (134),1
930,4 (135),1
931,4 (136),1
932,4 (137),1
933,4 (138),1
934,4 (139),1
935,4 (14),1
936,4 (140),1
937,4 (141),1
938,4 (142),1
939,4 (143),1
940,4 (144),1
941,4 (145),1
942,4 (146),1
943,4 (147),1
944,4 (148),1
945,4 (149),1
946,4 (150),1
947,4 (15),1
948,4 (151),1
949,4 (152),1
950,4 (16),1
951,4 (17),1
952,4 (18),1
953,4 (19),1
954,4 (2),1
955,4 (20),1
956,4 (3),1
957,4 (30),1
958,4 (31),1
959,4 (32),1
960,4 (33),1
961,4 (34),1
962,4 (35),1
963,4 (36),1
964,4 (37),1
965,4 (38),1
966,4 (39),1
967,4 (4),1
968,4 (40),1
969,4 (41),1
970,4 (42),1
971,4 (43),1
972,4 (48),1
973,4 (49),1
974,4 (5),1
975,4 (51),1
976,4 (50),1
977,4 (52),1
978,4 (53),1
979,4 (55),1
980,4 (54),1
981,4 (56),1
982,4 (57),1
983,4 (58),1
984,4 (62),1
985,4 (63),1
986,4 (64),1
987,4 (65),1
988,4 (66),1
989,4 (67),1
990,4 (68),1
991,4 (69),1
992,4 (70),1
993,4 (71),1
994,4 (72),1
995,4 (73),1
996,4 (74),1
997,4 (75),1
998,4 (76),1
999,4 (77),1
1000,4 (78),1
1001,7 (227),1
1002,7 (228),1
1003,7 (229),1
1004,7 (23),1
1005,7 (230),1
1006,7 (231),1
1007,7 (232),1
1008,7 (233),1
1009,7 (234),1
1010,7 (235),1
1011,7 (236),1
1012,7 (237),1
1013,7 (238),1
1014,7 (239),1
1015,7 (24),1
1016,7 (240),1
1017,7 (241),1
1018,7 (242),1
1019,7 (243),1
1020,7 (244),1
1021,7 (245),1
1022,7 (246),1
1023,7 (247),1
1024,7 (248),1
1025,7 (249),1
1026,7 (25),1
1027,7 (250),1
1028,7 (251),1
1029,7 (252),1
1030,7 (253),1
1031,7 (254),1
1032,7 (255),1
1033,7 (256),1
1034,7 (257),1
1035,7 (258),1
1036,7 (259),1
1037,7 (26),1
1038,7 (260),1
1039,7 (261),1
1040,7 (262),1
1041,7 (27),1
1042,7 (28),1
1043,7 (29),1
1044,7 (3),1
1045,7 (30),1
1046,7 (31),1
1047,7 (32),1
1048,7 (33),1
1049,7 (34),1
1050,7 (35),1
1051,7 (36),1
1052,7 (37),1
1053,7 (38),1
1054,7 (39),1
1055,7 (4),1
1056,7 (40),1
1057,7 (41),1
1058,7 (42),1
1059,7 (43),1
1060,7 (44),1
1061,7 (45),1
1062,7 (46),1
1063,7 (47),1
1064,7 (48),1
1065,7 (49),1
1066,7 (5),1
1067,7 (50),1
1068,7 (51),1
1069,7 (52),1
1070,7 (53),1
1071,7 (54),1
1072,7 (55),1
1073,7 (56),1
1074,7 (57),1
1075,7 (58),1
1076,7 (59),1
1077,7 (6),1
1078,7 (60),1
1079,7 (61),1
1080,7 (62),1
1081,7 (63),1
1082,7 (64),1
1083,7 (65),1
1084,7 (66),1
1085,7 (67),1
1086,7 (68),1
1087,7 (69),1
1088,7 (7),1
1089,7 (70),1
1090,7 (71),1
1091,7 (72),1
1092,7 (73),1
1093,7 (74),1
1094,7 (75),1
1095,7 (76),1
1096,7 (77),1
1097,7 (78),1
1098,7 (79),1
1099,7 (8),1
1100,7 (80),1
1101,7 (81),1
1102,7 (82),1
1103,7 (84),1
1104,7 (85),1
1105,7 (86),1
1106,7 (87),1
1107,7 (88),1
1108,7 (89),1
1109,7 (9),1
1110,7 (90),1
1111,7 (91),1
1112,7 (92),1
1113,7 (93),1
1114,7 (94),1
1115,7 (95),1
1116,7 (96),1
1117,7 (97),1
1118,7 (98),1
1119,7 (99),1
1120,8 (10),1
1121,8 (100),1
1122,8 (101),1
1123,8 (102),1
1124,8 (103),1
1125,8 (104),1
1126,8 (105),1
1127,8 (106),1
1128,8 (107),1
1129,8 (108),1
1130,8 (109),1
1131,8 (11),1
1132,8 (110),1
1133,8 (111),1
1134,8 (112),1
1135,8 (113),1
1136,8 (114),1
1137,8 (115),1
1138,8 (116),1
1139,8 (117),1
1140,8 (118),1
1141,8 (119),1
1142,8 (12),1
1143,8 (13),1
1144,8 (14),1
1145,8 (15),1
1146,8 (16),1
1147,8 (17),1
1148,8 (18),1
1149,8 (19),1
1150,8 (2),1
1151,8 (20),1
1152,8 (21),1
1153,8 (22),1
1154,8 (23),1
1155,8 (24),1
1156,8 (25),1
1157,8 (26),1
1158,8 (27),1
1159,8 (28),1
1160,8 (29),1
1161,8 (3),1
