0 0.368051 0.055817 0.039707 0.074031
0 0.351558 0.132197 0.027489 0.059929
0 0.368051 0.273796 0.018937 0.054054
0 0.316432 0.262632 0.010996 0.034078
0 0.263592 0.368390 0.014050 0.038778
0 0.347282 0.666863 0.037263 0.052879
0 0.376604 0.650999 0.017715 0.058754
0 0.624924 0.428907 0.028100 0.051704
0 0.568723 0.491774 0.019548 0.029377
4 0.513439 0.890129 0.153329 0.130435
2 0.484423 0.791422 0.128283 0.081081
1 0.525351 0.790834 0.021991 0.049354
1 0.463653 0.594595 0.025657 0.037603
2 0.468540 0.150411 0.141723 0.117509
