0 0.101710 0.907168 0.047037 0.051704
0 0.291387 0.572855 0.040318 0.024677
0 0.123702 0.596945 0.070250 0.037603
0 0.080330 0.707403 0.037263 0.035253
3 0.453574 0.605170 0.044594 0.042303
0 0.227856 0.937133 0.032987 0.024677
0 0.036042 0.610458 0.020770 0.029377
0 0.033293 0.727967 0.050703 0.066980
0 0.026573 0.938308 0.048259 0.059929
0 0.979230 0.588719 0.029322 0.035253
3 0.716860 0.586957 0.032376 0.036428
1 0.775504 0.498825 0.036042 0.036428
1 0.898595 0.480611 0.029322 0.044653
1 0.526573 0.396592 0.037874 0.024677
